frequency: 100

brick_dimensions: [0.092075, 0.193675, 0.05715]

brick_start_location: [0.0, 0.4, -0.221425]
brick_start_orientation: [0.0, 0.0, 1.570796327]

brick_goal_location: [0.0, -0.4, -0.221425]
brick_goal_orientation: [0.0, 0.0, 0.0]

jackal_dimensions: [0.508, 0.430, 0.250]

adroit_stow_positions: [0.0, 1.5708, -1.5, 0.0, -0.0708, 1.5708]